=== COMPLETE HIDDEN MESSAGE FROM SATOSHI POSTER ===
Extracted 40 lines of text

Line  0 (y=  5, x=20): [224][128][135][221][8]8x[176][132][135][158][24][0]
Line  1 (y= 30, x= 0): [0][0][0][0][0][0][0][0][0][0][0][0][0][0]
Line  2 (y= 55, x= 0): [0][0][0][0][0][0][0][0][0][0][0][0][0][0]
Line  3 (y= 80, x=40): [0][28][154]H[129][231][164][14][28][252]@[129][128]
Line  4 (y=105, x=30): 1[142]z[130]p[215]y[197][20]R[2]y[133]
Line  5 (y=130, x=10): [144][0][128][143][196][0][24][232][0][1][128][0][0]
Line  6 (y=155, x= 0): [0][0][0][0][0][0][0][16][0][0][0][0][0][0]
Line  7 (y=180, x=30): [0][0][0][0][0][0][1][135][128][0][0][0][0]
Line  8 (y=205, x=20): [208][135][13][222][8][254][255][255][255][143][153][24]8
Line  9 (y=230, x= 0): T[128][241][215][186][127][255][255][247][240][183][216])[20]
Line 10 (y=255, x=20): [0][0][0][16][11][255][255][255][255][160][16][0][0]
Line 11 (y=280, x= 0): [0][0][0][0][15][255][255][251][222][236][0][0][0][0]
Line 12 (y=305, x= 0): [0][0][0][0][127][255][255][251][222][252][0][0][0][0]
Line 13 (y=330, x= 0): w[20]9[197][255][255][255][255][222][255][247]R@[29]
Line 14 (y=355, x= 0): T[4][16][231][127][255][255][255][222][255][247]@B[141]
Line 15 (y=380, x= 0): [0][0][0][7][255][255][255][255][222][255][192][0][0][0]
Line 16 (y=405, x= 0): [0][0][0][15][127][255][255][255][254][255][192][0][0][0]
Line 17 (y=430, x= 0): [0][0][0][31][127][255][255][255][255][255][223][255][224][0]
Line 18 (y=455, x=20): H[131][175][255][255][255][255][255][251][223][254][24][178]
Line 19 (y=480, x=20): [160][255][255][255][239][127][255][255][251][223][222][24]Z
Line 20 (y=505, x= 0): [0][1][255][255][251][255][255][255][255][254][255][224][0][0]
Line 21 (y=530, x=40): [0][0][15][247][255][255][255][255][255][255][192][0][0]
Line 22 (y=555, x= 0): [8] [1][255][251][255][255][255][223][255][252][130][0][0]
Line 23 (y=580, x=20): [171][151][191][255][239][127][255][255][251][223][255][20][226]
Line 24 (y=605, x=20): [240][133][143][255][239][127][255][255][255][223][254][24][24]
Line 25 (y=630, x=30): [0][0][15][255][222][247][255][255][255][191][224][0][0]
Line 26 (y=655, x= 0): [0][0][1][255][251][255][255][255][223][255][252][0][0][0]
Line 27 (y=680, x=10): [152]`[195][255][247][191][255][255][191][239][255][132][24]
Line 28 (y=705, x=10): `[128][227][255][247][255][255][255][191][239][255][220][153]
Line 29 (y=730, x= 0): [26]0[1][239]{[255][255][255][222][255][251][251][132][26]
Line 30 (y=755, x=40): [0][0][15][255][253][239][127][255][255][255][247][228][248]
Line 31 (y=780, x=10): [0][0][3][254][247][191][255][255][191][239][254][0][128]
Line 32 (y=805, x=20): [232][129][167][255][239][127][255][255][251][223][252][13]8
Line 33 (y=830, x= 0): P[144]1[255][251][255][255][255][222][255][255][224][133][24]
Line 34 (y=855, x= 0): [0] [1][255][251][255][255][251][222][255][255][26][134][0]
Line 35 (y=880, x= 0): [0][0][1][255][251][255][255][251][222][255][255] [128][0]
Line 36 (y=905, x= 0): [0][0][1][255][251][255][255][255][222][255][255][176][128][0]
Line 37 (y=930, x= 0): `[22][17][255][251][255][255][255][222][255][255][246][128][5]
Line 38 (y=955, x= 0): S[132]q[255][251][255][255][255][222][255][255][240][207][20]
Line 39 (y=980, x= 0): [0][0][0][255][251][255][255][255][223][255][255][134][144][0]

=== CONCATENATED MESSAGE ===
[224][128][135][221][8]8x[176][132][135][158][24][0] [0][0][0][0][0][0][0][0][0][0][0][0][0][0] [0][0][0][0][0][0][0][0][0][0][0][0][0][0] [0][28][154]H[129][231][164][14][28][252]@[129][128] 1[142]z[130]p[215]y[197][20]R[2]y[133] [144][0][128][143][196][0][24][232][0][1][128][0][0] [0][0][0][0][0][0][0][16][0][0][0][0][0][0] [0][0][0][0][0][0][1][135][128][0][0][0][0] [208][135][13][222][8][254][255][255][255][143][153][24]8 T[128][241][215][186][127][255][255][247][240][183][216])[20] [0][0][0][16][11][255][255][255][255][160][16][0][0] [0][0][0][0][15][255][255][251][222][236][0][0][0][0] [0][0][0][0][127][255][255][251][222][252][0][0][0][0] w[20]9[197][255][255][255][255][222][255][247]R@[29] T[4][16][231][127][255][255][255][222][255][247]@B[141] [0][0][0][7][255][255][255][255][222][255][192][0][0][0] [0][0][0][15][127][255][255][255][254][255][192][0][0][0] [0][0][0][31][127][255][255][255][255][255][223][255][224][0] H[131][175][255][255][255][255][255][251][223][254][24][178] [160][255][255][255][239][127][255][255][251][223][222][24]Z [0][1][255][255][251][255][255][255][255][254][255][224][0][0] [0][0][15][247][255][255][255][255][255][255][192][0][0] [8] [1][255][251][255][255][255][223][255][252][130][0][0] [171][151][191][255][239][127][255][255][251][223][255][20][226] [240][133][143][255][239][127][255][255][255][223][254][24][24] [0][0][15][255][222][247][255][255][255][191][224][0][0] [0][0][1][255][251][255][255][255][223][255][252][0][0][0] [152]`[195][255][247][191][255][255][191][239][255][132][24] `[128][227][255][247][255][255][255][191][239][255][220][153] [26]0[1][239]{[255][255][255][222][255][251][251][132][26] [0][0][15][255][253][239][127][255][255][255][247][228][248] [0][0][3][254][247][191][255][255][191][239][254][0][128] [232][129][167][255][239][127][255][255][251][223][252][13]8 P[144]1[255][251][255][255][255][222][255][255][224][133][24] [0] [1][255][251][255][255][251][222][255][255][26][134][0] [0][0][1][255][251][255][255][251][222][255][255] [128][0] [0][0][1][255][251][255][255][255][222][255][255][176][128][0] `[22][17][255][251][255][255][255][222][255][255][246][128][5] S[132]q[255][251][255][255][255][222][255][255][240][207][20] [0][0][0][255][251][255][255][255][223][255][255][134][144][0]